 324110
-442472
 626686
-157678
 508681
 123414
 -77867
 155091
 129801
 287381
 604242
 686904
-247109
  77867
 982455
-210707
-922943
-738817
  85168
 855430
-365580
-174307
 -28560
 888769
-887534
-563503
 752524
 777031
 385644
-768774
 211244
 792814
-475905
 968127
-504909
 570656
-458444
-957331
 259322
-648617
 451074
 858015
 849248
-361918
-683640
-449851
-363749
-425926
 418216
-609284
 460009
 331758
-600376
 325398
 279751
 592222
 309723
  52921
 600291
 799037
 836049
-190454
  13962
-714343
 696033
-403836
-712535
 604362
-847079
 -30113
 823044
-574291
 -72109
 719281
-963727
-769033
-600693
-247829
-781838
-313995
 911682
 347184
-212857
  63665
 261049
-445002
 486913
 372622
 980111
 982505
-951004
 954267
 915640
-547139
-885732
-774826
-227720
-893313
 795588
 971211