 324110
-442472
 626686
-157678
 508681
 123414
 -77867
 155091
 129801
 287381
 604242
 686904
-247109
  77867
 982455
-210707
-922943
-738817
  85168
 855430
-365580
-174307
 -28560
 888769
-887534
-563503
 752524
 777031
 385644
-768774
 211244
 792814
-475905
 968127
-504909
 570656
-458444
-957331
 259322
-648617
 451074
 858015
 849248
-361918
-683640
-449851
-363749
-425926
 418216
-609284
 460009
 331758
-600376
 325398
 279751
 592222
 309723
  52921
 600291
 799037
 836049
-190454
  13962
-714343
 696033
-403836
-712535
 604362
-847079
 -30113
 823044
-574291
 -72109
 719281
-963727
-769033
-600693
-247829
-781838
-313995
 911682
 347184
-212857
  63665
 261049
-445002
 486913
 372622
 980111
 982505
-951004
 954267
 915640
-547139
-885732
-774826
-227720
-893313
 795588
 971211
 791015
 394414
 164076
-859625
 537219
-892930
-845554
-565040
 892346
 102526
 910215
-830346
 774953
-293457
-572511
-159280
-139108
 -97334
 506426
 642376
 629152
 372320
-517648
-229939
 428961
-793788
 -16086
 766244
 -54579
-319593
-946477
 392983
 435056
 875219
-634233
 556428
-590678
 112319
 992315
-337996
-936733
-804778
-812737
 444997
-321854
 260607
-995238
-200178
-529036
 682635
 211115
-577791
 920543
 -80231
 916493
 182127
-531138
 453301
-373267
  61223
-321958
  39091
-996360
-782894
 417514
-621224
 522552
 277801
 462527
  13993
-571145
-676773
-995703
-243121
 -79501
-823446
   3752
-707560
-678513
-393162
-935044
-276906
-838348
 835297
 560932
 772977
 540991
-658828
-886234
-870617
 932155
 379079
-787514
 -29053
-337377
-151704
-253629
 116961
-281535
-804548