 324110
-442472
 626686
-157678
 508681
 123414
 -77867
 155091
 129801
 287381
 604242
 686904
-247109
  77867
 982455
-210707
-922943
-738817
  85168
 855430
-365580
-174307
 -28560
 888769
-887534
-563503
 752524
 777031
 385644
-768774
 211244
 792814
-475905
 968127
-504909
 570656
-458444
-957331
 259322
-648617
 451074
 858015
 849248
-361918
-683640
-449851
-363749
-425926
 418216
-609284
 460009
 331758
-600376
 325398
 279751
 592222
 309723
  52921
 600291
 799037
 836049
-190454
  13962
-714343
 696033
-403836
-712535
 604362
-847079
 -30113
 823044
-574291
 -72109
 719281
-963727
-769033
-600693
-247829
-781838
-313995
 911682
 347184
-212857
  63665
 261049
-445002
 486913
 372622
 980111
 982505
-951004
 954267
 915640
-547139
-885732
-774826
-227720
-893313
 795588
 971211
 791015
 394414
 164076
-859625
 537219
-892930
-845554
-565040
 892346
 102526
 910215
-830346
 774953
-293457
-572511
-159280
-139108
 -97334
 506426
 642376
 629152
 372320
-517648
-229939
 428961
-793788
 -16086
 766244
 -54579
-319593
-946477
 392983
 435056
 875219
-634233
 556428
-590678
 112319
 992315
-337996
-936733
-804778
-812737
 444997
-321854
 260607
-995238
-200178
-529036
 682635
 211115
-577791
 920543
 -80231
 916493
 182127
-531138
 453301
-373267
  61223
-321958
  39091
-996360
-782894
 417514
-621224
 522552
 277801
 462527
  13993
-571145
-676773
-995703
-243121
 -79501
-823446
   3752
-707560
-678513
-393162
-935044
-276906
-838348
 835297
 560932
 772977
 540991
-658828
-886234
-870617
 932155
 379079
-787514
 -29053
-337377
-151704
-253629
 116961
-281535
-804548
 537990
 429475
 224490
 885580
-420629
 109608
 980970
 642530
 606412
 351747
-224986
 138245
 890709
-545923
 835064
 101415
 684676
 -68820
 759875
 919553
 624935
 434153
 528724
-275460
-419373
-643979
 787492
-319799
 927391
 884937
 505657
 731506
  34460
 -35046
 312107
-571519
-128606
 133913
-656907
 603957
-927326
-469740
 273535
-337231
-457525
-504646
-646744
-968928
 738608
-854881
 732644
 -82093
-856265
  44642
-862390
 957227
 113632
-308416
  41615
 527037
-713618
 899052
-117086
-416608
  43048
 365817
 588070
 700452
 129509
-268428
 688173
 673832
 480764
 237135
-347900
 523029
 533184
-255682
 711522
  19655
 866805
 317427
 415281
 -28199
-111100
-171898
 426130
 410799
 451727
 117522
 660726
 555231
 791462
-865279
 774168
 967991
 -18011
-832957
-796763
-324240